201147020091
201147024006
201147026315
201149271125
201149275197
201149277617
201116381561
201116384029
201116387501
9647508720459
9647508722118
9647508729984
9647510320021
9647510320055
9647510328825
9647508500203
9647508501050
9647508503279
9647519164082
9647519167835
9647519169562
9647510910124
9647510916067
9647510919429
9647518653120
9647518653897
9647518658425
201155721379
201155723799
201155727436
9647512040341
9647512046386
9647512047051
9647505533299
9647505534427
9647505536609
9647508581211
9647508582775
9647508588450
9647511682509
9647511683799
9647511684448
9647516521080
9647516528630
9647516529696
9647503458927
9647503458979
9647503459113
9647515780420
9647515784860
9647515787767
218921180539
218921187233
218921187814
218920706088
218920706897
218920708817
218925075526
218925076225
218925076467
218923191053
218923197365
218923198590
218946291346
218946297657
218946298650
218923770163
218923774589
218923774771
218920262536
218920263043
218920263577
218946540824
218946544891
218946545574
218946754092
218946755137
218946755205
218920030592
218920033322
218920037718